
Double Hashing

Percent   Current    Percent    Average      Maximum
 Full     Entries    At Home   Collisions   Collisions
------------------------------------------------------
   5        500        97.8       0.02           2
  10       1000        96.0       0.04           2
  15       1501        92.3       0.08           2
  20       2001        90.6       0.10           4
  25       2501        87.8       0.14           4
  30       3002        85.6       0.18           4
  35       3502        82.6       0.23           6
  40       4002        80.3       0.27           6
  45       4503        78.1       0.32          10
  50       5003        75.4       0.37          10
  55       5503        73.0       0.44          13
  60       6004        70.3       0.52          13
  65       6504        67.9       0.60          17
  70       7004        65.5       0.72          17
  75       7505        62.9       0.85          23
  80       8005        60.4       1.00          23
  85       8505        57.9       1.22          30
  90       9006        55.4       1.56          63
  95       9506        52.8       2.16         109
 100      10007        50.3       7.48        4488
------------------------------------------------------

